000000000000000000000000000000000000000000000000000000000000000000000000000000000000000000000000000000000000000000000001 
000000000000000000000000000000000000000000000000000000000000000000000000000000000000000000000000000000000000000000000002 
000000000000000000000000000000000000000000000000000000000000000000000000000000000000000000000000000000000000000000000006 
000000000000000000000000000000000000000000000000000000000000000000000000000000000000000000000000000000000000000000000024 
000000000000000000000000000000000000000000000000000000000000000000000000000000000000000000000000000000000000000000000120 
000000000000000000000000000000000000000000000000000000000000000000000000000000000000000000000000000000000000000000000720 
000000000000000000000000000000000000000000000000000000000000000000000000000000000000000000000000000000000000000000005040 
000000000000000000000000000000000000000000000000000000000000000000000000000000000000000000000000000000000000000000040320 
000000000000000000000000000000000000000000000000000000000000000000000000000000000000000000000000000000000000000000362880 
000000000000000000000000000000000000000000000000000000000000000000000000000000000000000000000000000000000000000003628800 
000000000000000000000000000000000000000000000000000000000000000000000000000000000000000000000000000000000000000039916800 
000000000000000000000000000000000000000000000000000000000000000000000000000000000000000000000000000000000000000479001600 
000000000000000000000000000000000000000000000000000000000000000000000000000000000000000000000000000000000000006227020800 
000000000000000000000000000000000000000000000000000000000000000000000000000000000000000000000000000000000000087178291200 
000000000000000000000000000000000000000000000000000000000000000000000000000000000000000000000000000000000001307674368000 
000000000000000000000000000000000000000000000000000000000000000000000000000000000000000000000000000000000020922789888000 
000000000000000000000000000000000000000000000000000000000000000000000000000000000000000000000000000000000355687428096000 
000000000000000000000000000000000000000000000000000000000000000000000000000000000000000000000000000000006402373705728000 
000000000000000000000000000000000000000000000000000000000000000000000000000000000000000000000000000000121645100408832000 
000000000000000000000000000000000000000000000000000000000000000000000000000000000000000000000000000002432902008176640000 
000000000000000000000000000000000000000000000000000000000000000000000000000000000000000000000000000051090942171709440000 
000000000000000000000000000000000000000000000000000000000000000000000000000000000000000000000000001124000727777607680000 
000000000000000000000000000000000000000000000000000000000000000000000000000000000000000000000000025852016738884976640000 
000000000000000000000000000000000000000000000000000000000000000000000000000000000000000000000000620448401733239439360000 
000000000000000000000000000000000000000000000000000000000000000000000000000000000000000000000015511210043330985984000000 
000000000000000000000000000000000000000000000000000000000000000000000000000000000000000000000403291461126605635584000000 
000000000000000000000000000000000000000000000000000000000000000000000000000000000000000000010888869450418352160768000000 
000000000000000000000000000000000000000000000000000000000000000000000000000000000000000000304888344611713860501504000000 
000000000000000000000000000000000000000000000000000000000000000000000000000000000000000008841761993739701954543616000000 
000000000000000000000000000000000000000000000000000000000000000000000000000000000000000265252859812191058636308480000000 
000000000000000000000000000000000000000000000000000000000000000000000000000000000000008222838654177922817725562880000000 
000000000000000000000000000000000000000000000000000000000000000000000000000000000000263130836933693530167218012160000000 
000000000000000000000000000000000000000000000000000000000000000000000000000000000008683317618811886495518194401280000000 
000000000000000000000000000000000000000000000000000000000000000000000000000000000295232799039604140847618609643520000000 
000000000000000000000000000000000000000000000000000000000000000000000000000000010333147966386144929666651337523200000000 
000000000000000000000000000000000000000000000000000000000000000000000000000000371993326789901217467999448150835200000000 
000000000000000000000000000000000000000000000000000000000000000000000000000013763753091226345046315979581580902400000000 
000000000000000000000000000000000000000000000000000000000000000000000000000523022617466601111760007224100074291200000000 
000000000000000000000000000000000000000000000000000000000000000000000000020397882081197443358640281739902897356800000000 
000000000000000000000000000000000000000000000000000000000000000000000000815915283247897734345611269596115894272000000000 
000000000000000000000000000000000000000000000000000000000000000000000033452526613163807108170062053440751665152000000000 
000000000000000000000000000000000000000000000000000000000000000000001405006117752879898543142606244511569936384000000000 
000000000000000000000000000000000000000000000000000000000000000000060415263063373835637355132068513997507264512000000000 
000000000000000000000000000000000000000000000000000000000000000002658271574788448768043625811014615890319638528000000000 
000000000000000000000000000000000000000000000000000000000000000119622220865480194561963161495657715064383733760000000000 
000000000000000000000000000000000000000000000000000000000000005502622159812088949850305428800254892961651752960000000000 
000000000000000000000000000000000000000000000000000000000000258623241511168180642964355153611979969197632389120000000000 
000000000000000000000000000000000000000000000000000000000012413915592536072670862289047373375038521486354677760000000000 
000000000000000000000000000000000000000000000000000000000608281864034267560872252163321295376887552831379210240000000000 
000000000000000000000000000000000000000000000000000000030414093201713378043612608166064768844377641568960512000000000000 
000000000000000000000000000000000000000000000000000001551118753287382280224243016469303211063259720016986112000000000000 
000000000000000000000000000000000000000000000000000080658175170943878571660636856403766975289505440883277824000000000000 
000000000000000000000000000000000000000000000000004274883284060025564298013753389399649690343788366813724672000000000000 
000000000000000000000000000000000000000000000000230843697339241380472092742683027581083278564571807941132288000000000000 
000000000000000000000000000000000000000000000012696403353658275925965100847566516959580321051449436762275840000000000000 
000000000000000000000000000000000000000000000710998587804863451854045647463724949736497978881168458687447040000000000000 
000000000000000000000000000000000000000000040526919504877216755680601905432322134980384796226602145184481280000000000000 
000000000000000000000000000000000000000002350561331282878571829474910515074683828862318181142924420699914240000000000000 
000000000000000000000000000000000000000138683118545689835737939019720389406345902876772687432540821294940160000000000000 
000000000000000000000000000000000000008320987112741390144276341183223364380754172606361245952449277696409600000000000000 
000000000000000000000000000000000000507580213877224798800856812176625227226004528988036003099405939480985600000000000000 
000000000000000000000000000000000031469973260387937525653122354950764088012280797258232192163168247821107200000000000000 
000000000000000000000000000000001982608315404440064116146708361898137544773690227268628106279599612729753600000000000000 
000000000000000000000000000000126886932185884164103433389335161480802865516174545192198801894375214704230400000000000000 
000000000000000000000000000008247650592082470666723170306785496252186258551345437492922123134388955774976000000000000000 
000000000000000000000000000544344939077443064003729240247842752644293064388798874532860126869671081148416000000000000000 
000000000000000000000000036471110918188685288249859096605464427167635314049524593701628500267962436943872000000000000000 
000000000000000000000002480035542436830599600990418569171581047399201355367672371710738018221445712183296000000000000000 
000000000000000000000171122452428141311372468338881272839092270544893520369393648040923257279754140647424000000000000000 
000000000000000000011978571669969891796072783721689098736458938142546425857555362864628009582789845319680000000000000000 
000000000000000000850478588567862317521167644239926010288584608120796235886430763388588680378079017697280000000000000000 
000000000000000061234458376886086861524070385274672740778091784697328983823014963978384987221689274204160000000000000000 
000000000000004470115461512684340891257138125051110076800700282905015819080092370422104067183317016903680000000000000000 
000000000000330788544151938641225953028221253782145683251820934971170611926835411235700971565459250872320000000000000000 
000000000024809140811395398091946477116594033660926243886570122837795894512655842677572867409443815424000000000000000000 
000000001885494701666050254987932260861146558230394535379329335672487982961844043495537923117729972224000000000000000000 
000000145183092028285869634070784086308284983740379224208358846781574688061991349156420080065207861248000000000000000000 
000011324281178206297831457521158732046228731749579488251990048962825668835325234200766245086213177344000000000000000000 
000894618213078297528685144171539831652069808216779571907213868063227837990693501860533361810841010176000000000000000000 
071569457046263802294811533723186532165584657342365752577109445058227039255480148842668944867280814080000000000000000000 
